5
13029407207477331465176374122772367193851283095277944313548514858028341075145045413088637730387146000490422707206437989832017701013816701383
76281083256467894922637439673697593357553301808769377498824839051381124289150139054848072269264202560819040354104866048607654607172251754376
25604579477897297083330413842709168884719485863067064036238049514534902769498015882130857700377985562027013505600534806922673629332908819289
86997367143763892491752803793193621321701839890345064810747819737257032511195018659374727332129726501572847934812947442975923699849214370685
77633606770853379836572670834777402106402331523363453445735093668955623855139501869514249742828727002577920713920017605381367084673379213779
14823547740194714043490258418341163008204743882182128652842720197120615304963702624405446989532810665392628290095112374810111283690948107682
20793094930351211859496737141797492106927851746550320211163444781026078052550390664274027037121338108312614481143482614616801655611433214217
98662317124758053306647714437923845206469906592284655633364356457952955963104098159110278580616694706570488270738349593635630461052019251176
71932675192561717852334332476354268902987765817752740782786656094312897907998554616584574328632689275031377436773454960794237018902414959728
68465308579270133941580061615463587292258987600063787725157289923288225085044902811173912752756420345294678000285565154172287415111262722882
