5
5572916676018065512012206882706868419518069093721756920133879884529872011459892788314808289163804442721907502499642546978047680862818133712168854036660999867719864254250552109609191290180246435923204946466455238658627597
6267773248275139805039324162202779387768503152034942446130538783399343055488156294197539206155153340480754066883144086023613097309368945970310666057330735700004746736583724922140050084734344628998979341776713656007199421
4980176700579853375846337063900165839478113149573900535061905149035498458245777702933838371909343831518491293832095523709351526813888523767032094972533304956917464315443324088436633806555663818508427961788176010622559694
1920130343590900290855316290862908237182302049440064144787019699082004479140788011180552703070153955532053901050771838621863188593382790478980395986891092401285119235814287609955451107994303396504521344157655924234603277
7258479761890579735382228073261022856130162175356631943072157815769057039863579551607430037154890213828593212185013800178364311929096982082852089149455856409051802712034463088585451493019598636547765708502346743257118816
3898751130574704409540131877843279322149104115148257182424166409326218427373981603613450755276469476539617318608487532704174541365160325736868272391662405604724720418370396566617566829040606895829637672158138129495612122
3895709801708726251327180012247440053431783734557205564716189595953965588032603738885669545311838045382691062022979432081383615626819435496192467720957478462438862443887387334006434108949884702160353487384866752035425306
8927476786827881394631838614567584114018993823788653313564926088283855727797509074832329190232513886711402689641818463698351716415581522735955056639549358216768480743907138137712352155211085552891478625333072083475112739
2365956748318575456007387675071850280763760692637458659780530548090597451662365242368940283526492661642705371060833785241730257514861038856065289842217155047123023365416937844090607335355806120093276431781855350340981881
7519774274413429408577416461564222763891953713409760753416307460525544249132807698312339986417135422489115655046395011049742428039897131960718655777387987675683453956964227072452040786905607395348782079549156607576928763
