5
377265681811740353432235563678462120962923203762980939849585857601464368794209520410934893955701738193061629780720703321
663347226145476022751475200129349778989072304738410408421184924761155262012449665293401607654160562819640377793249625535
485708393473571432178537536631674319546636166073815055049206241265972784280110958719972238721245610885703451424736185314
735459177917164295812242225605871442889732158986176369319780473338060717954218694991119785474041890168479024636997336030
395289264969908898267382102997838827967139156386966225319346289745787836339989285806172418646235732386229783013642112064
726319011057927331489094957543860111112660563813357015595935804537964441961363739621272397138596097660773461050164834200
831916751712390031298426963993153939874438783840722684175114719164087996674127054083939336291607751820543817462245890975
810469998563885933369914354056720929267023625945829143776791378773594688250910140699176836517783891410715233353059135833
133650202121155039465924607783429010912486515983107872322820860272397102102311798687836400788090403771139391941921063265
467378074669078068677914420541872084320958167193684005321768325303967413174113439584328813208458672002624415707866825031
