5
89077850739308285625455022793108232921883946954409796696920808465698761887055458873074780161026704073194153605490184597606297241698087567683662380123905779952661538130887509539157097041427562514313872100147156029067582254682608059374586094691443968754473455567
87187141054936954691325287143769514538213922639845362181692533184005292605643680189158739750423515856940267352154400152702104966127279913088983114701945259261835560795137628014649180845076785226130518600664443109617283494588509691973157962039057300190538728919
23517179125837249412548999774866854206280173135119832383179814307715763335878085803011079506382548590153253097185439109115338122113876415405798988115681357751989817291329246044698641117338287689112240136000483544797266648638397405016537318408282614174889038227
74766332907507780370981307238642337400126452972467605605198561228019999875900276122734651755351311082503509688147538268979919062897314570162997974293762606469377538288666331017638408915862363987793028352458081069304963754941463957985741372264294118884004796839
92855425761878828805588171618348708507016456809290257171467353294677526832995699955653546440229138751531059160669019619807218731381922128466993404661669753765463407840456062093354445686489933301629500443036529002952023166532899260120024130484597531820597005607
16775993641895337325195076755145413405550610993278890334655036070752971253611055563952571116586539723783451738639251027519606724626737152596745270417761540987904804722430493923221788139788731788463304086830947686793098823026325009438194490679983021762749356082
22786132339928002825006936757735724058017763401268965613826555774540541375592755132948023181665432405998392062863858418459935829139171874611146162120529844925180723259748046732953131435240497400158956765578870438428040998200351398475154646382498426172829371991
74455121719759615341929624622829801917388923507802820943300909033161412499332138883891988800319705994041942349731043060000448863742115448002580267129277009612474492074493799358374813111412928248958054294471986507907312678070200398054081610160836911300987445133
87150132509550838699218702095658990158503567405477335187860228949256731322814914220947007943354030584016473527037893635325063782162627159210765062917590608822318884561653835341724206211558644546808615590029379308043295283989505859609282469487609660531345346109
65889798990843044890457036907007023028614423467132787879931892339440597736273549050846288445207902984593266524678402968408509786782416575065433431565198534192872499185183460024425865208368241789161518115648875281012481237381454880680241779830590838267539989563
