5
337389509819235429945563181058690607912861606634955904772299628266076080643938201634663275006961011652756728036620451624605889784732624287463418518723632759741082418837056152617290591006790164596332709276285155921729756140161302769735470956
662379101495416660792216986970914955103295913962837357614477475117414984436896776420059647629726617621215063288317780595725528709933195503330852806728516623249891807281699317459824096874427227237371353695890347639429723780498076850785664908
571189383788042912860565544142888186736836300053867107162174584358743372670324112080385484068416254028309916105270926124817374656840061454043945571911107289918788170837223379057759988238783024948088047372418905700082888367660538481671113736
915685830132895406874289501217250226734444244612326350775601989690167739688936268838501779901191029279255401109119850840464981476140377143833678868754971492324764465307748567256045181945396889658279758942463258737069493532453769393941559350
220434796143927216660199331597173859091977128759562081745594416391622703768872702068633030689390831511903501513317917174530284828866060941375155900206309810714338231695633332381219949938459691564342682190662077285483906468212252923017988328
905614246157720624502676838972164431144472629511217102084577736538446096363812868166866165145776130257615734015899053822193889761350096698068232274997569842515506510548456102690432255213438752900610443542280795655327779351704726107541634488
152736151086385624429432361194907038196268956532700772426650628879726487927270695946309860928100230568622054887272862937399420108471606098969993255054497928069098071232405423555428569232849614900962644148365467989126257111443636398739021968
615208076740042940176731160307752992641018515567434957388924641241948817517161563260170930022509987001429322279889748986313875423394243905008011766307284496681514275207803792620519487264679325889805916297384839148166490229346496374582521596
694662575225013165335659780975552474294064986329648631253808713664120184505280686214505964102646073254760202015766160297519144292796977140424490495639643435467948491141156056323624474774202036588476567560785443249416259941434029845078159644
372211032813716061257257461285304147558016457008980595076540841472926842898830950948590316565424784158910277967797748353143190853730626083593052511574665836054317731512891274940608124600879251120281189420646497717339448327469929983634111954
