5
7604876475938242194892411578156593877840801609753513933287115871484185839894719659342320947112201868
8453751853812515533159961195603546137497249389169187688279841582050967832912463508013486796671615001
3914177763170669074391500080636083778353374068124158683449786907366258517812865707049996228303883685
4882338468788595646010840725945730727001912870663517829577187068078818487056819968437973805748973854
1115244939092668587840057566828233025228858827685955726783747885775987735294744888899643785915031090
5087560226257008670312273477610961965822688241526969030387722121293438961823283979238683120905416028
4982597919074833788762328601290404796669725102734646869589693504925899139441177151620466109906958483
4787857002524020537332258586054218667320773593210107685430662238553738752739416166142637934339776323
4416721106840388542143044324451956832374184049483669467234401074887523163742569583510349931524700514
3784776375963307879185846482144790605403022630376927339078356666580774357410873872795845401956666265
