5
451135027386846391785950831887233137556891715670509006304593254918191826162390140305853857122414861749390006162410478319255203562756030955371474917071652162010417411289801097640415170928154018192828818084138942415153797884923614681521491282406133952766615620630259350061271381662704898403618906196775
436370502643477000256045143271267713920155077222492999669913693922816212468972959084321018235555694700748787438430712421381407684154927534727384696523658793405260841172918030489113706414009465127014608213358193953623853639957262106952369885683334349996340960059628928051672012744048111054048511925175
741926745766799181461591068784466920590431651895649570575061930608726825130014940575729985949854903630386870415906230758646479561799274255057388006872665629293449560898544042878617654567906966912082074869579120680439152089680614979870603309014651619770488181618548451401209483531981052153559432596486
344416306512511047349790306512322190092332451793076849955307918862887359677048547895470023175313686272476773328486727154590402782833277050401438372711411857321606050208105905681744006150152852194955502210345860814461351698578387502464072894464867192218383484170068181302805235309559119767150454996089
567192893828459974822946453642007727649929253664018501307635897384140400494143115268862113928602023535302677803071150143078170309762331048868590467582207398133856654640120626525904812420298455931070727025632255631526583021606582663043369463359402489283153824920876815552740652512948728808213794061223
207302007066041402706477104612645031521088275459840789521295047683611192782236355457578119038718066564057593830101379624478001933655473280225371095349918906878919760436251730437334863104742265522714691217369882940111028164401630242554229060516714269573410820185997298934540860490515256712917131057708
114728336619347511574404167288632536865320644466152005348008913750687474873930129094014513712216091044244465015350498586983820085541701116841414083218952488820961402030914293995928241243065216678365376329089169246595075348195792011136433773790853066287866890610712177511389492293578793838100242016534
136463109868142503544499406791057648317712317240936667609221994987312321445321687572946104762409510552500486785876027325491857661281873545303897310729921370912906099848695198938134960269843463379069785328087391847923357233959227897040630810478329759498076758228583008656790222733034998746956266422192
586906780716072577772440399310003916090945400498665488725875263485343012585015805423821919566676435117172290729124705624013815829933057433925831723184782835696771378293479751272239832171840330058594913893635830425614821861983632502467665656682640537019524059936441350457393974837123089314117419993874
390284499058211354399051195596045977621197438455379401949635941924631857875932440114165276012147677600344382215624673534676119404229938841120340085631687355027341019744782284051259785405507057225994060821835103816921170115941407908238990712498982963785939510881872629476326789662312455226105130233392
