5
88974631591035364015794527135825557281902772977862987484990754550158497285609540000026917334964772978002198715562450967308089805554600976978992350411057053382604550342187878679095257164938096575555251
87350316991108318907941179513403664140488767071817085059469892142074122245490379349023559514332013457566871182150389107621429082400035208047871417064176316437661397791955343756288506124556339376792887
55355852557705705327072365510139127429030567926619786213836666504155744005770361840438811029554681208834061793288302891346426436021608067906925586221078695697217838172612800814009017739625978768961596
93033566802949516078208447687631645918715038005914206735509218683119425904868001646613659286145144194863359042786702062810803319717030898187469258432793251148159229533354584220600838004321968309892462
95252606813531583391011923809071328302028489146978130345120653967114313150591380055924195707676600561074293077259751794640220713258329282318243483939996379215167342776427116439778701866402583872615846
11860369879138395552116902751386370360540339599736461080459220512774684649383715461807871609927146355201930222431379360117650851348581802183158648704678551227624014262281637831576810491353114544822103
32536420061008760185796746472451638621033574285170215374820729898638199224912684322141690893041148944620887634868213982465632104753810715017147226235448020650973707755424928379611582003605496006805080
80727066897227990729860504621030368900493388774486509146745001094515398755950001035011864978699959114786021370292196514720809699289279434243009434203051448387373393068049298265183350133268606006686336
89503022589984150364822161074120308141672619471437495715473663852748311858874734676728513004336934471343709473094731089917284963797007849697767178626433772647192178748993038999632889754134621467125138
95253620445120403971932872894461199314879977999067635017494077847384389212463627566744212945566767433690656465108859441969275713344073612170780641874893654379177993055263990837131205395922571638581314
