5
6507586992216559231988014481849501193640920770943636342857635962104639049518915023582859961778604327081320107745867658964823755428349103253495943593551944648533
6265542972773345607987728686492246551632230638530606640489971591186447687052120657795185230900963520192052844712040164132770740820984417928259706474919719217259
7787394138217840248573970017435299909501526107461014619493486429266317119304449409685625425525727236819020968384685635827586187601864918903429766505133525920404
6545497636734445871804631794225613964935820389221188377460269448368421388315436484018393057703993530738098868462226762843475197733151245224522430169640753026238
9886730663865180392808156748764210436434863203007618724073923413982782400705642594671246472737583582709639857346071611009684810368789358257712479459051060457029
5214293713841112246801428076294906414525935145156259807415089236008930266623051273282797990545750993171478157720083425013572936305872176289285434766735894357231
1331994986267914880916274096403352239413848304425172482127126059321601522430980480143826078292911762387586507760846613782588781422545357409435482854680201449066
2161976819768593751405962276446784452887702509712808893851576582581913984147653873411841635920427351296092555332779805146467303688039520319613325503661395364482
3368703439300441462267959349975124958671593424611047065533252471039301278200576060779948207131969390022424441631432006149902428468642184216758769770479320575592
4311201439682446724935976397488299003198857894542115085380918851047017544868111251769700096827172294873360743708286493233239268426922450885630534943993536865897
