5
584197766844736203906493631115191698000132851945670316464724859434249011134869871675685970824976000611004515033733897349009188977955358508762238201211911602882373542427142044416280
272601970037990152410442193979162031368046679314557766011959670348354927201861885009457628521744350384514893548249875968367660063546616936411174096201697366918626145885399910279692
816496752472114180714012483862756406295291735444887595809610624994090994639252800927476080010483770528157107330206170207519254870312964626655834015752712239533606444641332228841060
192750115425706326733826368995792283862581351565681173534308338348013900506764877215622347945262610454638271697480534721113439335522897536265013368909612957938120204444555824894657
816648769620797224712970247458919095485834932693632733503296527212136885952022680971962860266252383500696478472482811012040487229508751923405862460325346363952690885754133873587757
654514138889709724946266524583954511902532314659623906626248390060559293246098273414077667886342374544990144907675881744036157743596418223673784933212737278392775871194340360411707
495024728865621422272399670786309254058599815860886727912112613145876579095353527218512235825892911553497456399226480733004460535463648053788418760263917109778760922099714361106839
468768638970571623018170665605642045669478588583281361119060523986356935940622155511515543859098234984675371337052740969594082096889186574076447059609988222031227050668998530937923
260819152610718029232824648045893104167692861834085543637364484380251707611859048496437029198146141623263473611126289617819777863876451755810695802907034990189020313501767300707337
598954683542505513329337338396603684249294398805249003605733804012829894751917080071452586156077739881491927882462465011480684624149128843806957378488411163546835387704106023183913
