450
-647.8647 -31.2909
-602.4675 473.7037
-129.2274 204.0394
723.3863 -205.7869
304.6611 -382.5987
190.5104 962.1992
-389.0594 -289.8468
34.5393 722.8466
-445.5145 -260.4092
-97.7271 -687.4021
-547.2225 98.6171
-588.2356 -412.9195
-730.1405 -292.8202
-372.3409 342.1806
-483.7693 -491.1021
-566.2223 619.9433
56.6046 742.2241
278.0929 -937.1652
546.1288 -72.4
-288.0134 -690.3878
556.2271 -249.8166
-438.8411 743.3377
997.932 724.0649
-30.8418 274.6705
762.4661 932.4273
-974.9876 479.4054
96.7145 -865.5891
-111.8068 386.0798
987.2718 -702.0754
-435.8507 545.4922
877.3187 -95.2782
-878.1445 814.2197
313.6856 -489.3048
-506.1544 -706.9449
266.1933 -95.9085
365.769 534.1524
-599.4689 369.3994
512.4433 493.9371
-611.8942 -513.2916
114.0022 -828.7735
152.3865 397.0837
-186.099 -556.8074
-61.9876 731.2114
-45.1778 -467.5771
958.235 323.0833
-692.2164 -982.5709
763.0538 446.6653
193.2069 201.3057
-756.492 619.4731
764.748 453.7297
962.2185 779.4086
-176.7967 -150.7653
-610.8395 359.1443
70.9921 964.6226
-140.7167 767.2405
594.7148 162.5933
-734.3606 -782.0294
438.149 -101.1049
645.5097 948.8456
573.716 -838.0713
406.0857 489.7387
412.5724 420.0883
-144.8366 -57.212
131.8722 519.7082
669.6257 -971.2342
-636.6361 245.5863
-494.4851 -715.3556
283.0329 -222.5161
-286.6575 663.5036
-826.391 251.1131
-982.9553 -271.9249
31.64 -778.4242
-786.774 634.7885
379.4349 220.804
-889.7574 749.6962
-947.209 -356.6413
-22.6357 -76.1257
-219.7262 -136.0066
986.9874 653.6311
-26.1951 -935.0719
198.7903 -716.9389
753.7154 -77.2893
-783.8692 307.9514
430.4616 -42.3679
-250.2086 -386.0911
419.7946 70.2339
345.1921 371.4053
874.8851 523.7139
-324.4404 524.8123
-519.6252 -271.8453
839.2949 301.7562
-356.1426 473.8784
-589.316 -274.3316
481.033 926.1292
-420.6665 -237.3031
-733.7346 -498.3403
740.9058 556.4937
-80.9929 -399.939
26.2966 171.9374
276.46 412.7529
979.9317 212.831
-264.1776 -295.6876
146.4479 -549.7474
-941.9767 -664.815
807.1418 414.7133
655.9698 124.7577
-168.0563 -869.8993
243.5524 -761.9741
34.8362 -939.6423
-604.9271 763.8875
-24.1953 74.2929
320.5483 -371.0043
-446.062 814.6166
-698.9433 -785.1295
274.258 -249.2562
86.2529 133.2874
-485.2845 -91.0161
441.1096 240.7351
388.9778 -32.4971
161.7936 464.9343
-634.9711 727.3218
989.8417 -763.8961
434.2386 -161.9449
-45.1245 -74.3911
-573.8678 786.9316
-992.4654 730.8491
-537.1122 -295.3003
-763.6741 -324.5445
498.3883 -948.9253
-789.7706 -125.8666
-477.342 309.3171
-541.2419 -869.4866
514.4247 22.4731
681.9089 -332.1851
-613.5152 633.791
463.0896 367.4068
752.9541 776.2471
412.5631 -38.5917
825.0158 -558.1803
160.4034 -367.9394
881.5264 749.2915
66.6649 -692.7991
-596.5482 420.0053
-338.8733 -868.752
107.1549 655.0062
-134.7457 -173.0634
-344.4275 566.0672
507.2035 -6.663
74.9773 -412.1697
-495.3302 911.0771
808.8088 527.3545
222.615 -532.7006
-536.8397 -0.1662
408.9288 21.6929
-201.0366 850.5272
82.7459 -761.9188
761.0961 31.9217
10.5417 888.0462
-755.4779 477.649
612.211 350.7044
-331.7143 -408.5813
128.5964 537.926
21.4312 -587.795
12.2118 -682.444
198.5665 -948.8747
-972.3968 203.2171
418.9808 -417.9774
803.769 -839.309
-502.6805 186.5146
-296.2069 393.9338
513.0117 62.4647
65.5242 439.013
-761.3876 950.0568
-847.1868 -746.832
-104.0407 917.1531
-245.7118 -993.3973
-613.747 -234.5316
-262.3759 -778.4092
839.1332 458.432
-608.0196 523.7666
640.0122 657.7516
150.5956 777.8818
-633.0011 -847.2334
-301.1105 233.3303
-756.3175 56.057
-965.9393 -503.3901
-613.7415 -704.4803
-583.9596 338.8013
-964.5679 -110.2688
-115.4333 -600.3989
-773.8168 728.0794
-544.7609 901.2687
924.7337 852.655
283.0978 -356.4857
1.9147 993.1103
-431.9376 -312.2802
-169.2023 -393.6042
958.1976 918.4644
-500.848 -40.3758
-911.8472 -156.6305
-756.2188 798.9022
405.5625 -665.4416
-483.4202 992.9494
839.2767 -741.6407
142.9085 426.8825
-337.7335 -488.2775
-662.4724 -915.4204
-30.7177 273.2637
-367.8841 -326.0742
-716.6588 969.0569
-616.1981 425.7252
725.5883 252.1511
-920.7936 803.6391
-566.4777 -779.295
-413.0274 -612.2912
403.4369 118.2114
316.3115 -879.6308
-606.0212 -19.901
123.8241 -325.832
-524.4143 893.151
787.4873 675.6704
944.2089 645.0651
-420.1884 777.8478
-896.2856 437.2562
-451.9693 -555.8789
-11.2779 -374.4423
-821.4324 -408.5584
82.0608 -245.0443
-835.9448 566.0006
985.1782 188.8132
-238.4146 791.3761
814.3917 -66.3782
-280.5225 -492.1653
602.3421 780.2237
379.2052 -273.5369
68.0692 524.5541
838.2584 -356.1868
764.2416 408.9685
103.6102 -890.3043
-906.9354 -840.0995
661.647 435.2123
-410.124 -242.9449
427.7655 -789.1804
298.393 327.0497
-992.5646 -406.206
514.7993 469.5171
246.67 -136.2796
-24.862 226.1296
102.8121 34.7456
528.5704 114.4476
-870.1868 899.5094
343.4257 624.2943
-677.1408 35.6806
-964.1701 586.8266
711.3534 299.4798
-545.8675 925.6042
708.002 -422.3792
811.0267 637.0741
675.8654 159.5034
735.4276 94.349
-248.8124 67.9094
890.4344 3.0932
-720.4386 -240.9652
336.2459 -757.6403
88.022 -508.8717
-899.5736 890.0768
619.7622 473.6221
214.0333 543.4265
-486.7895 776.6018
-688.9523 839.9985
281.8902 307.4105
-417.4122 -154.5512
-570.4258 -138.5064
-308.2639 502.0773
-745.1307 -81.3967
161.1598 -629.8321
-967.7759 15.0197
-870.3002 -612.8517
-91.746 -290.9532
-159.4595 659.5087
-925.2005 668.0231
497.7565 -995.8841
331.1071 -231.7032
-330.7165 -1.988
-508.712 164.6349
-87.0453 291.1707
490.1404 -918.8119
-346.2519 914.028
281.0299 -685.3438
-517.3955 -729.2797
897.1703 -230.4222
168.3329 611.7319
478.5708 138.8589
-810.6334 -80.0926
-639.9864 8.5614
-368.3334 426.8862
-672.3554 872.5237
-256.5307 -397.9416
-275.3446 -700.9439
963.9765 -994.734
191.0263 359.8105
-590.4654 861.6368
506.811 229.9103
-608.0607 -676.0653
849.204 951.8378
123.7591 222.3711
-392.3898 329.2313
862.7888 993.378
319.3688 491.5575
-623.6272 897.7407
-765.9881 860.5738
-243.0816 -503.2645
-818.6766 -389.0368
-435.073 -133.6243
-143.9375 -322.8856
20.3114 -245.0864
-242.0027 -266.5893
-830.5986 -919.343
336.5119 -377.1869
46.3375 -391.7001
769.5859 59.4141
295.3188 988.6148
-593.4091 547.6086
735.8025 540.8981
682.49 750.6825
-701.4939 178.4189
-98.6819 713.6855
-928.5791 -454.1369
-176.0577 366.4686
-553.6309 -71.963
-453.8524 -489.131
685.2736 -337.6903
-551.462 -614.9389
498.1045 419.7519
325.4248 -329.4028
-56.0442 374.1068
-814.391 -82.3146
772.7612 724.5172
-744.8301 -139.0854
-653.7455 -72.0477
826.6067 852.8186
329.8324 302.1186
444.3689 -689.2592
448.1684 -304.122
-278.4739 642.3018
-639.5241 -719.0704
415.7292 -267.3922
725.0445 353.9023
669.4647 265.0379
-708.0613 136.1115
-846.9732 954.2484
418.6214 526.308
860.1176 760.2403
-395.9366 -277.5556
-983.5619 996.9257
360.9034 883.7209
492.5367 -518.7509
-16.8994 900.6023
730.149 -13.7375
-868.109 652.579
-153.8597 924.7859
-213.3473 -123.7199
-918.4084 990.6335
-184.0364 934.9472
-711.0699 -462.5115
-912.119 492.3317
51.0289 -394.2201
-918.9551 -611.898
157.0227 101.2107
706.7491 862.2527
-906.372 -462.6418
839.7346 485.3814
-481.6409 3.392
368.2235 -130.8252
626.7953 -312.6991
-753.9429 -3.4127
491.7244 107.3989
-194.6132 -43.6453
-171.8197 -933.4456
-592.2745 545.2549
145.9665 357.6987
769.1332 431.6159
263.1328 -237.3935
-970.9075 -306.596
-172.745 -548.6453
664.4299 -362.7512
-342.0721 696.7623
-506.2383 -663.2825
-189.4332 -360.761
49.9517 700.8339
-779.6315 -515.9863
450.7296 -871.6699
570.0806 223.7114
500.9408 -511.1205
43.9198 871.5557
-874.399 -542.5149
-807.1673 363.3678
412.4362 908.262
-733.0271 657.3059
-612.1141 557.9162
-782.0873 -638.291
-587.3295 -20.0136
-262.83 606.8544
-858.6659 686.8568
343.3772 -919.8598
618.8342 831.2649
288.5956 -167.8979
19.2685 648.8303
745.4482 208.7336
-977.4711 -43.4063
24.0347 789.2289
947.3367 356.366
95.4224 62.747
628.2523 -399.4952
713.4921 -321.7805
-857.3082 571.898
80.6027 448.8306
-447.1524 427.5353
370.087 -343.7186
738.885 425.4833
562.3061 -698.9794
-715.579 587.8839
-935.428 928.313
137.7034 568.2578
642.053 -566.7981
701.9081 -419.2075
902.0457 -147.3307
284.9492 -107.3926
-130.4371 -604.3121
-749.6307 175.3529
517.7002 -814.0476
59.4935 -190.8673
-338.6173 435.1272
-647.936 -882.3959
-425.0091 -886.7046
448.736 -994.3228
877.335 219.1676
37.984 -194.1681
-276.9449 -207.5095
-934.1018 -733.127
647.8643 411.728
-89.5549 -968.4923
-438.3811 -702.1426
682.9347 -69.8773
182.9784 870.1822
-464.7147 -699.0467
-236.2534 -580.8436
488.2569 405.5685
385.1327 -155.9008
180.1572 438.9541
