350
-230.5908 361.1365
453.9837 -189.2949
-663.5907 -960.0022
-419.968 -920.0006
-728.5459 80.3598
-31.5621 697.071
-751.5025 -848.2898
-739.1344 -175.5328
-721.8003 551.2546
165.2342 997.4367
-434.9813 911.9121
-337.4342 560.2538
682.6088 -411.0998
-365.7816 -988.093
290.7338 9.0593
282.4875 -975.0523
-961.3342 477.6422
-429.129 970.3194
349.3775 -653.4556
597.9351 550.8035
87.5912 916.371
803.0504 565.8862
658.6655 404.4421
99.8105 -294.4055
58.9973 -209.7788
-357.5357 414.8878
670.9789 -709.0612
-814.0075 202.3323
138.6692 -762.7457
601.6862 -692.139
976.3104 428.1347
995.0018 211.7329
242.1441 -35.8438
826.5225 549.5206
-965.7551 -135.1955
280.5832 743.7789
73.1525 -420.0243
529.1064 -699.7127
-947.1278 652.5013
-682.2059 -681.4286
-560.5703 299.5865
-135.2007 236.5603
680.6293 -963.5882
-995.9499 439.1044
462.5201 856.0078
-971.6236 489.7902
737.8417 906.9186
-371.554 -956.5273
167.9499 580.0713
-720.5138 737.4886
-752.369 935.2415
489.0856 788.0534
-83.172 -795.9175
674.8295 -407.9673
233.2938 647.2889
-789.34 934.5039
-79.0147 -172.4368
900.6445 -276.0145
162.5828 -170.8947
-119.6969 -168.4357
-854.3857 -956.0301
-607.5466 328.0086
504.5505 830.7026
313.4137 -82.6246
397.5184 -646.422
-174.0511 -552.819
360.3199 819.6543
258.1768 -7.3207
880.4766 -894.4211
243.451 784.2904
274.4694 -489.1699
143.9499 -264.5828
937.8864 -974.0629
-777.182 -286.3974
-742.7837 -135.0121
567.9086 -589.2613
643.8059 -996.8257
-240.8869 294.2225
537.3012 -104.1784
-183.2691 146.406
955.6216 42.4795
-368.699 -141.1342
-510.8787 819.3129
-693.9174 -159.9217
329.8034 274.6007
64.1013 834.8464
-382.3158 400.6481
727.1037 -793.7563
-226.348 377.6261
-737.6089 -544.1573
-26.3497 751.3566
736.7385 -975.2804
-815.7139 66.3155
-782.4537 -756.4922
323.0195 -17.9128
603.8198 -900.5388
854.1364 890.2632
4.2457 20.3215
-789.8505 -165.5888
457.6984 -460.1087
-870.0646 -266.44
-587.8089 -541.6559
-261.3268 -899.6032
420.4314 673.9857
520.3233 730.1645
960.5458 586.4981
-128.7845 25.5162
-964.2239 -287.7995
-248.6372 -940.5036
-890.3872 -18.3043
424.5934 567.4926
758.185 -645.7624
674.8453 -30.4285
-172.7658 -914.048
671.5558 11.835
-793.7618 -317.0205
-803.9613 -369.9116
-35.5598 -679.0799
58.6665 840.7021
-592.5161 315.9159
-616.388 264.9382
56.9269 -417.6892
314.7271 -957.5589
-348.7678 253.506
95.9366 786.8228
-122.5774 -764.3182
-956.2565 -867.4931
4.3807 -88.2058
374.259 82.6614
-965.9517 766.8322
803.6409 -388.4153
664.5447 -323.0579
188.2413 -161.2112
259.8081 -807.7881
549.0313 989.4762
101.281 620.0133
-116.3198 -412.5465
-674.0018 222.8609
62.7077 860.5525
-430.6704 817.5744
390.8157 -931.1357
-446.3719 416.4797
-130.3919 -91.3181
539.1794 181.4697
627.4134 -95.9983
-202.0789 -537.0012
-98.2749 5.6475
423.8853 -163.0823
597.76 153.6078
-960.1081 -883.6605
629.3105 -727.3567
-57.2419 55.3662
760.2383 98.8542
-743.4194 979.1072
-278.3802 485.3862
67.1083 370.4133
-407.1749 376.9625
3.9316 -19.227
400.7077 283.176
-618.83 757.6819
-857.1049 403.5086
-431.618 -117.0602
646.0015 -884.9033
-444.2826 97.7891
-821.4222 -501.3669
482.152 326.1079
303.8193 180.8228
233.2353 916.8005
356.6463 839.4845
103.5057 636.3524
-858.7606 -393.4537
-750.294 -322.8619
471.5678 139.8377
617.806 208.2748
165.0745 522.6308
880.4204 477.5923
191.7118 419.0451
-907.0405 -817.5585
144.9867 65.5698
643.5231 331.2639
854.6124 395.3967
252.0917 49.3265
828.3755 510.4459
431.0021 -85.9667
413.4255 -129.2075
-640.9765 -966.0782
134.1932 833.316
559.784 752.7103
-347.298 613.1958
-345.36 820.0334
-8.8886 262.9291
-915.7334 218.8722
-728.9002 -326.6083
-141.5979 752.8317
483.3163 -729.414
-896.6375 -308.0578
759.6058 747.6587
508.4934 127.9591
155.7479 168.2579
-825.4014 472.2032
-597.7948 290.087
191.2315 -73.7473
1.3817 -171.6281
949.8359 -483.9988
237.7981 145.1055
-742.4679 848.7179
217.0277 -643.7877
715.5722 777.9809
930.6159 225.9283
-239.3544 553.4269
-263.8803 -709.3618
441.5112 -984.3841
-348.529 249.8016
350.859 713.7969
-196.5645 -603.5053
330.8683 707.9018
-654.9245 -374.7806
896.3586 775.2554
-944.4422 -898.4448
-245.2199 -243.5852
-92.7916 -362.5098
445.7838 758.3136
-66.7152 -39.5978
990.2561 -377.2879
835.2096 -392.3272
144.6958 80.9345
575.6781 -215.6446
-514.4918 152.9394
200.659 -228.6853
-775.9857 -882.593
632.185 972.1596
-852.3344 -312.5911
-900.8904 -965.4563
-62.9629 -525.8231
841.957 -937.2843
174.6127 -794.4954
-831.7721 -977.561
580.0022 742.2083
-87.5391 -659.6799
317.1963 -294.0443
418.9304 -853.3754
446.5059 770.6034
-991.2993 340.5326
857.7335 786.3043
801.18 -957.7996
-274.7999 -664.317
-543.1205 -278.9964
-107.349 713.852
-465.4897 867.752
401.1832 -648.9603
511.56 825.2758
-530.8288 833.0116
459.7192 -492.9998
153.3673 -755.4309
761.1373 227.2733
226.1753 -170.0363
464.0273 450.8593
-459.2091 524.7402
-520.495 663.581
86.2994 -389.2213
-345.769 -389.6142
-947.052 -771.903
213.5966 -461.6825
-29.8479 740.0028
-105.532 -695.2634
-316.2437 953.9798
-298.5823 -394.4669
726.4234 661.791
-955.1857 -802.2279
-636.2413 432.7344
481.8467 -273.687
15.2544 -212.0043
-79.3556 988.5287
599.9059 663.1507
-35.9374 785.1162
221.7259 927.2044
-787.4643 727.413
786.2902 972.4893
-925.0476 412.5258
-831.4585 597.1958
702.0471 335.1842
-22.9987 -684.4544
-709.8332 83.9495
152.3938 -459.8583
79.4744 204.4516
-153.3679 300.9467
-561.165 -648.4187
373.715 158.7528
-441.7779 -955.1456
451.1234 373.106
303.4172 902.7383
-938.0349 240.5407
213.4741 -539.2905
309.3699 -180.9869
-461.0361 -335.109
-86.3747 -862.9181
327.7412 -497.6602
38.2155 -498.1173
288.0065 661.6098
-738.1918 918.4285
-788.2672 -903.7876
-920.5189 -270.4196
293.5883 -430.3654
-44.7511 -997.2332
-915.1746 127.8105
157.1729 -224.7123
-366.0419 775.133
-875.1699 -243.9454
-656.4425 -414.8208
-112.5401 -410.6204
87.5799 -959.21
-14.7414 956.1531
-552.2551 165.3457
-887.6628 931.7121
293.082 -632.9043
700.9444 -904.162
-13.4248 -478.6616
-131.8462 896.7685
659.0913 -836.8831
244.9496 -490.1659
603.1811 -997.7592
606.9765 -744.2949
-732.9491 -68.5454
-68.7527 -725.4529
-451.2186 90.2236
-510.6993 543.8274
945.0971 93.6287
838.5522 314.5619
-863.7452 -649.5429
-443.7268 88.3866
-13.5476 -112.3088
558.1429 969.0753
120.5999 595.5376
-608.4425 371.5135
-5.9439 243.4111
377.4674 602.784
484.2272 -51.2846
15.599 -131.6185
629.1979 387.8182
-414.2948 505.5443
454.0004 -713.1147
-118.7422 888.0635
-691.2713 928.0155
593.1802 -48.1213
337.8578 241.2886
-927.6593 212.2316
971.1521 919.021
-140.8837 947.494
566.5985 -88.0145
-424.9326 517.0287
