200
463.0623 828.1236
-925.3401 -991.2169
986.9003 -362.9633
-606.735 -2.5512
102.8873 478.5515
217.2048 89.8045
512.2 -477.3502
-65.2415 782.0028
451.2463 206.0831
-748.4713 877.181
-912.3789 621.6275
-701.2133 -0.6165
374.1986 71.488
-976.4346 -595.1592
-155.035 -414.8857
-774.8577 -757.9558
462.3822 88.3123
-69.4304 -941.182
524.338 979.9375
455.9406 -38.03
423.0081 258.0893
-728.7076 97.1695
231.5909 -619.9946
-471.5848 -362.7068
-263.7664 -383.2128
915.2462 767.0847
-22.6321 -654.9388
842.9139 696.6074
-966.5139 627.4086
-974.1092 704.2695
188.9293 853.8328
271.8259 -710.7391
54.3999 777.6091
-219.2715 239.0962
-291.7133 330.4007
-299.8738 -458.3766
-989.3321 841.5457
215.5269 782.3526
385.9353 -383.2196
-859.043 947.9803
828.768 807.1634
-247.0617 180.137
501.7209 -343.9504
-472.9568 -480.1377
-1.6177 -192.9711
733.3639 639.6433
-731.0366 -419.6776
-91.5053 908.2887
672.6713 -121.9562
649.6408 -751.2624
-847.4874 815.8489
-644.6751 653.3779
824.708 -142.7516
-314.1206 -919.1844
-937.6204 888.3465
741.4822 -781.0863
-271.9992 336.4875
-283.7194 -961.3459
873.2532 99.7857
-439.7083 802.8419
-316.3234 987.394
352.3495 855.7288
-264.1392 215.9182
550.7429 110.5422
191.1124 234.7608
927.7974 833.5874
-90.3147 -336.7605
583.627 57.3731
-385.2155 -319.2692
-511.7734 -474.1657
-37.2814 -233.5917
-763.0715 783.3842
-373.363 865.1043
391.3976 924.2428
394.7291 890.9524
-47.9826 432.7862
238.5181 -911.5195
884.1754 516.0497
-826.3056 400.5612
290.6677 932.652
14.1809 -825.6868
-30.2546 30.1966
98.9322 -85.8995
-931.6971 -146.5247
-520.948 888.7478
-350.0932 936.5829
-295.904 -262.1357
-987.8866 633.1722
-828.161 467.4827
368.2839 123.2368
-370.0494 813.9853
512.6518 -221.1533
658.7114 -978.3918
544.3372 -779.8151
197.1357 451.4843
866.4235 -806.7506
462.0646 485.6165
137.9189 -714.7874
861.0815 -928.8339
269.5495 -667.3531
872.1017 -688.0273
129.0686 -418.7203
-95.7632 78.9933
-594.3084 -433.7553
-440.5865 -202.4079
-3.8901 -897.9729
-180.1568 209.1999
-68.9268 -494.1212
783.0335 -494.1961
537.0001 -809.774
242.8613 549.6591
489.4906 210.2821
-171.3977 826.2634
956.5066 254.9796
177.0131 671.891
62.317 895.8241
244.3793 -32.4876
-576.2559 -77.1161
209.3487 -340.579
-97.5006 -397.2649
198.7032 -22.6845
783.5895 636.4745
454.6401 723.3321
-738.1921 617.0799
787.8109 135.4757
-839.9095 -534.4523
-628.3431 752.7816
-368.251 10.8528
-970.9479 129.5272
105.4974 -703.2874
-585.5917 -648.899
-820.9021 403.7564
55.9951 583.3633
93.1896 816.0568
-189.0286 30.9114
137.5679 86.7796
-70.5059 -584.5198
378.5912 54.3603
-996.9862 501.6074
-860.6531 -370.4261
-578.5568 -240.1604
-435.9103 -779.019
-601.5481 318.9506
-789.7026 -123.0638
750.4403 180.8096
783.5908 -426.8447
111.486 594.9991
-168.6769 -471.5956
-571.2445 -659.3971
806.0207 530.0181
982.2246 456.6187
919.2401 -117.1664
674.0272 853.2303
-226.8029 706.6256
66.5957 58.529
-475.536 988.5569
-227.5204 983.8787
-516.3268 412.149
508.0783 -162.5418
331.4374 194.8329
972.2233 -827.5158
810.7807 -995.9177
722.3126 -357.6953
545.2577 -273.3237
-178.8795 -485.3398
628.5524 -587.2962
977.7989 2.7665
-104.1139 984.6425
501.9354 -176.979
682.6219 883.4597
960.9157 -699.0638
-740.0022 -554.6152
-945.983 -37.9078
-180.7765 -306.5574
-246.9801 -111.8693
296.107 21.977
-129.1779 -769.2675
915.5178 518.0692
-318.3287 473.3009
-257.8923 736.0558
-299.9258 -898.7232
-403.0075 714.3
-462.6385 -301.8605
620.3973 -271.4916
-979.0845 8.0056
846.8362 -56.7259
464.8969 -996.1242
-540.5251 -335.5558
-328.7255 -610.302
-528.4145 -629.4719
-420.8725 993.3684
256.4825 962.0857
-867.2559 -60.6754
-148.4192 -48.4664
23.9955 -579.678
-232.4616 -31.33
460.058 -212.7874
-214.8247 194.8772
-838.1442 -770.5143
865.6777 230.8399
