500
-987.3474 499.9793
829.8295 -712.4295
-267.91 962.812
732.3766 741.4308
440.4984 -12.3141
-314.831 520.781
-827.8486 -135.8387
590.7777 -642.1695
753.5191 976.1855
-316.0408 -606.555
50.7 252.2938
-518.4595 966.8872
-217.9098 -104.1423
-8.3439 -269.1969
-213.3432 550.9418
446.978 -853.8794
589.4379 -63.3098
-141.7131 638.4968
13.9355 550.7473
-601.2304 -239.8426
-564.591 -564.6751
-167.7247 -280.7809
777.6852 447.1666
-82.1392 -240.4962
48.8507 -359.548
-215.0713 -77.2877
-13.3819 280.3056
-315.0511 -677.3001
-987.9114 -32.024
711.0422 -980.4873
-311.7456 -710.4063
592.7716 -27.366
-743.69 443.0458
-181.7892 993.5061
178.783 56.6357
588.6751 464.6555
683.4708 477.9809
-442.459 346.5908
-76.8797 -248.902
72.1757 -901.0483
-343.6885 -741.7843
-569.0041 -409.5779
107.7595 -915.5913
-735.1141 -449.5416
68.1335 -3.0271
454.9298 -488.769
-566.6498 566.134
-502.0403 -721.853
-328.9884 -380.3497
-517.5747 -588.3382
596.4406 -7.9556
998.3159 -214.9559
-840.81 865.1832
-450.0133 -282.691
-784.4632 -964.2902
-68.8442 -54.1328
165.6868 779.5323
-179.9234 -725.8643
-221.6253 -442.4659
-406.8089 317.3594
242.0705 696.2486
-197.6128 75.5447
293.7836 -654.779
684.0508 -477.6697
-392.2176 -48.5367
880.3954 253.2599
637.7657 -886.0145
-340.2551 -852.6774
572.717 931.5894
189.7255 183.421
-802.23 174.4263
-619.3718 442.5237
-158.0156 -76.089
-168.9163 -643.7797
-507.3415 452.1455
314.0535 -699.3992
441.667 -924.2376
363.1057 806.0442
536.9574 653.8884
314.4441 913.3895
914.8038 -221.3072
232.0155 381.8117
-183.7943 538.9276
-829.2799 -971.6581
-481.8109 -765.9295
238.1261 -350.8025
854.8545 -413.1168
309.3016 -90.154
-186.3358 41.4619
-435.5213 -380.7771
25.3289 -292.2199
414.0152 66.4212
-311.2954 -201.8316
-223.921 813.5913
-5.6059 155.9972
49.4041 -153.5435
884.5642 832.4947
404.6892 -584.0066
455.1264 401.9994
-944.7646 429.0777
461.5184 -535.3858
696.735 -781.0841
895.6586 -532.7021
258.8684 79.886
-656.2281 889.0552
-957.3318 -501.6033
-940.9836 833.0641
508.6812 748.5139
522.2903 228.8641
302.8976 544.5522
757.8016 -528.9054
852.95 609.0679
667.5895 -204.4
-96.3702 -911.5372
584.6725 -742.9801
470.8099 352.4621
-64.4194 741.2572
94.3811 -602.5915
-998.195 -838.1224
-423.0746 106.689
468.9367 -922.5721
569.0843 326.6928
239.6761 40.7791
-456.2969 -710.8039
470.9381 -257.2406
-402.0735 -476.1439
973.5426 -811.6862
94.9679 95.2698
292.2938 32.3744
-716.8255 704.3976
404.8299 9.5176
-385.6558 -999.7964
85.3971 845.7683
-420.0994 -944.3375
-19.0167 271.4668
-366.2453 927.1061
66.9036 -503.4824
-314.789 -982.7183
-774.4147 809.4713
-227.3591 -262.9728
670.7568 787.6954
21.7734 543.0873
-811.7032 329.8924
-103.8741 31.9255
862.2423 645.8985
-667.9289 -716.1321
-383.4956 205.6143
722.3595 581.6049
756.1665 -984.0087
-823.9347 234.9439
-667.6473 -563.0319
215.5684 882.6981
218.1431 -0.5501
465.5501 37.8536
832.1008 124.0417
-428.7401 -383.5053
853.5879 -321.7216
-772.3374 -778.6661
9.0757 -129.654
834.7345 -215.1365
-133.1747 201.9404
276.2409 28.2659
-506.1539 637.1218
-780.7137 -333.7415
-541.1333 -132.376
-500.2311 400.9466
763.5346 -434.2345
-481.9174 482.6406
814.4148 -235.0928
131.869 -37.5371
-751.3423 -200.7854
382.1779 -544.7364
709.9517 995.2864
-26.5721 670.4119
-185.7801 -358.0009
-112.5593 123.0208
-148.011 -106.9706
381.2995 145.7624
434.6278 -781.0979
411.0685 -23.1906
223.0392 -996.5296
748.3396 981.2242
256.1335 279.874
-400.1774 -481.3261
523.5852 -459.1986
645.8278 97.6752
-456.88 862.3257
-282.1645 245.9485
-147.2262 381.5062
-125.2098 -529.6854
-804.8285 73.6336
273.9794 -539.0582
168.9772 -590.7747
897.741 -125.9474
308.3577 756.3214
221.4229 -155.049
-462.4886 -729.2544
173.7696 -464.9916
552.7396 424.4833
305.445 395.3936
104.1896 -823.2011
-144.0963 407.3429
-475.0642 -361.32
233.6488 -780.8176
-465.1292 947.3584
-433.321 565.014
110.2016 975.4534
658.4528 149.2178
-392.9531 -65.1804
839.3797 826.4726
917.4653 -824.5835
379.3412 -482.1898
-540.5198 -943.6917
-188.8868 -453.2721
-899.3214 488.6509
-325.1809 -900.0716
948.1187 -838.6168
190.4275 492.5936
781.7531 751.1839
644.2301 72.7327
-272.6319 -336.3621
662.3893 -9.7634
-883.7133 155.496
-750.0341 -443.9555
-404.8769 -295.4485
10.5005 461.1806
-775.7875 230.7655
472.1157 -448.8125
-601.6983 -0.9862
42.5614 505.3697
-582.0427 -520.2011
-213.8067 -400.8129
711.7058 282.5972
-729.3357 318.3868
-948.8502 -820.1575
65.4995 -529.0275
830.2612 58.9715
605.996 -897.1812
373.7043 610.6078
-877.6732 -300.2692
-97.4922 204.7551
276.6175 994.5788
380.1016 144.2287
-722.9815 116.0896
392.9862 -79.6123
-866.8948 502.248
-799.5709 -137.1516
-368.5449 281.1486
114.3386 -352.7327
-934.2691 988.5159
63.5247 -566.3595
861.6974 448.1972
-6.9618 -291.0435
-945.9609 446.6367
452.3627 572.1948
957.4308 -868.8305
668.7848 -16.493
831.1704 -12.4039
-459.2878 411.6534
775.0515 -283.3764
-747.221 107.9997
116.3356 -674.0214
222.2988 275.7558
363.9634 -49.5887
756.7417 458.2313
-374.5616 426.4832
673.0687 -50.3674
-332.5419 250.7676
868.87 925.16
-815.3324 -742.8121
906.0319 -125.3357
553.9269 -98.5321
-238.8367 630.0401
435.6264 73.6481
914.341 3.9251
148.7916 -364.2927
34.2264 -82.2926
-300.7974 -891.0983
-895.7138 429.9216
369.0604 -652.0073
205.1457 168.942
48.3281 559.7517
834.2968 -32.965
242.2967 533.2286
-844.4588 -195.3197
48.5733 709.3681
-962.8749 -733.7531
-766.436 758.5619
-877.3083 -351.1015
455.343 -659.2324
43.2472 -393.5675
-577.1801 -603.3744
837.3412 -486.3614
-662.9102 557.6663
27.3511 -250.725
55.0001 -737.1329
900.5642 -423.5138
-865.2331 -326.169
-136.004 -370.1723
-940.4187 678.6459
-801.2243 523.0552
-95.543 -428.9909
-485.3044 -146.3947
-566.9763 979.7731
156.8989 719.3139
235.0177 -793.8808
247.642 -62.8692
-741.6745 36.0068
-553.2656 884.6638
480.7856 -874.949
-503.7069 316.1286
15.0738 -837.7465
-177.9016 -612.9376
-77.0732 8.1891
276.196 641.2457
299.0504 -963.8346
-712.1337 -102.8237
-225.9041 160.1124
-980.1307 667.8048
-850.8285 -363.5566
204.5773 428.8104
-754.1202 648.7684
-626.5672 499.1938
-198.737 -428.3896
-549.8871 -959.9959
217.6058 441.6143
313.9542 830.7905
-763.2372 579.5847
867.8143 882.327
962.1905 748.9787
316.1384 -318.3771
993.0398 -925.977
-360.714 -133.0039
-247.0727 -556.4731
863.7873 765.3627
-299.8881 -497.3831
766.0162 529.8536
830.3553 -425.2522
-38.2313 -546.4197
-157.4905 503.2299
-154.3687 787.0442
5.9777 94.0404
-809.0995 -863.5194
-674.3898 133.8925
429.8439 136.5683
251.6822 14.1129
-288.4323 -657.7148
-236.018 80.8665
-672.5677 -143.4398
-100.3796 759.1976
-725.0614 383.0742
12.6498 -408.5934
723.4949 426.1443
946.1163 -484.301
236.3163 752.8764
-14.6045 293.2162
271.7872 536.3306
-582.0256 459.1695
-648.617 -471.8697
-826.4909 15.4311
876.2827 735.0733
222.1973 88.2077
-578.0821 -912.3033
158.6421 -636.5282
-589.857 -93.2531
-112.1567 191.3294
-999.9986 855.7734
114.1494 579.2273
-439.576 -325.7461
348.7445 -283.6411
935.1114 -703.3371
239.2408 -149.2073
-801.7578 -780.6172
-987.1043 472.4761
961.9965 776.8857
-241.8786 -646.5272
-609.6669 147.224
-837.5029 501.5562
526.0869 -345.3378
-977.898 -943.12
595.3881 739.9156
537.8319 973.1467
-676.2117 715.2042
434.4591 324.756
-526.8997 -448.4524
581.5059 48.392
751.8465 672.8032
-158.6017 229.595
-584.7458 -788.9711
971.6639 -761.0951
734.7858 -740.6739
-765.3085 561.4231
492.2555 127.3469
-894.7059 -356.3155
-675.3104 -859.0474
982.1967 175.6576
-359.411 652.1359
930.8366 663.7064
205.5367 241.0642
470.2523 754.4825
186.0775 74.2556
849.6219 398.8734
934.8159 -238.9355
-69.0144 -19.7688
811.2173 -161.1915
768.4983 -465.4968
283.2025 390.4449
-448.3015 195.3951
-786.194 208.1261
-807.2528 -812.2741
16.8489 965.7687
-826.3674 -701.5399
-338.4489 -645.7171
983.8121 -467.8158
-390.9287 510.6872
-128.9088 -186.2874
-142.8599 -725.2034
-998.6084 907.7367
161.8916 -695.8726
593.2124 -585.7612
-111.6124 -755.9114
855.9463 915.0495
175.0602 195.9674
738.2623 -242.5346
903.103 1.5533
691.1361 266.8789
-139.4395 -940.867
-449.2875 857.9176
817.6402 -456.7863
-26.2822 -960.3315
-583.4151 423.3719
-730.52 717.9685
589.873 276.9095
461.5177 -125.6528
30.7041 -350.274
-292.8717 561.8418
33.0931 -870.0288
-726.6423 62.9107
480.7929 -167.1491
-673.7261 -651.3922
102.1776 304.1542
-903.1337 241.2518
-293.8381 386.442
79.0163 -563.0761
-769.5727 -576.7341
-665.3905 -833.7482
439.7211 325.4466
638.8648 707.5686
-28.5805 599.1925
-754.6836 -794.1805
53.2033 -867.9351
-438.2784 882.2361
-397.898 -891.0035
315.2306 -145.8063
-164.4666 877.7894
545.4667 -985.0054
52.2537 -151.54
-571.4223 645.772
243.597 284.6939
42.0609 532.0821
356.9399 -295.9146
57.0276 983.2322
-92.6777 259.9903
-384.5038 -449.4351
-834.4482 436.5568
-680.0006 -552.733
874.5508 188.4321
-622.6504 -57.1777
999.3952 -715.1032
508.8247 -359.8757
652.1986 -599.7446
-754.3437 169.7997
154.9893 -8.0831
722.9378 -417.9234
-601.3993 -650.5997
863.4064 875.7514
-416.9095 -70.4932
-547.1728 -840.6789
-439.5443 111.2319
-834.3337 -812.7402
-323.01 -808.9887
853.3775 739.3577
878.5822 -160.5365
-887.218 -199.3869
-731.1716 601.8263
593.9997 -907.5392
461.6127 999.4967
545.0399 950.9908
-241.1837 -849.6209
-109.3334 -244.9322
879.8449 367.3536
745.7881 831.4281
634.2294 970.0376
-518.2142 437.9155
-104.9011 266.3055
-790.4278 921.0267
25.9844 -394.3259
630.0199 97.8703
-692.003 -965.2591
-580.1217 882.9035
