100
688.8437 515.9088
-158.8568 -482.1665
22.5494 -190.1317
567.5972 -393.3745
-46.8061 166.7641
816.2258 9.3737
-436.3243 511.6084
236.738 -498.9873
819.4925 965.571
620.4345 804.3319
-379.7049 459.6635
797.6766 367.9679
-55.7146 -798.5976
-131.6563 221.7739
826.0221 933.2127
-45.9804 730.6199
-479.0154 610.0557
97.3986 -971.9166
439.4094 -202.3529
649.69 336.3064
-997.7144 -12.8443
735.2056 -512.1782
-349.5913 740.9425
-617.8658 135.0215
-522.7681 935.0805
606.3589 -104.0609
-839.1084 -359.8908
15.8813 865.6676
-781.8843 102.5345
413.1228 94.8818
628.9337 80.5672
927.6771 206.3713
175.2341 -110.0219
192.5737 -230.1977
151.302 -419.341
-621.2173 -626.5409
225.5464 313.3188
-46.938 -820.3513
515.2078 753.5407
846.762 684.9204
796.3462 846.1649
81.1998 -217.4079
410.5668 -448.7318
623.2574 698.9719
790.0779 179.6024
899.5297 159.39
-98.8738 320.4908
992.5157 833.8824
586.6502 -835.254
225.5662 -27.1116
260.2947 690.1552
-513.9288 462.9784
-765.7314 -559.0789
589.1659 -334.9277
631.8262 -798.785
-707.283 395.3413
-909.5319 147.7321
820.032 68.3959
361.1783 -946.6064
269.9998 212.6768
151.9059 -217.5812
-259.7201 961.0333
-927.2159 -956.727
922.0626 -630.0561
-752.2097 -578.847
601.4932 873.9383
-954.4348 -148.7623
-796.9996 -480.1602
-558.3415 293.8514
-299.4121 -639.3642
7.273 -921.2426
-798.1575 976.4703
-601.2884 -282.8894
463.1966 676.6531
836.9641 -661.1508
345.2811 933.0978
-883.8981 352.4036
690.8492 -315.3749
-498.6253 193.5828
-115.3719 -650.361
-56.7492 -180.1892
138.2255 17.2003
-377.108 -285.6966
675.3223 -498.1347
121.2004 -975.1274
483.1488 -328.1669
-908.607 -438.2337
-519.7392 906.2587
-295.5489 -424.2442
-281.5976 893.8117
267.4957 242.1537
431.2387 -223.9655
-171.164 301.6657
-996.9516 -615.3809
-331.1966 -521.1681
274.7988 -242.7039
750.8468 136.3028
-171.1872 -195.4658
403.6592 -163.5469
324.3918 -906.4406
