300
491.1193 34.0725
-240.7495 -556.7468
-619.9193 726.8326
24.9403 513.958
218.6219 786.2158
337.929 -772.5018
765.6767 -160.56
-311.8814 -351.15
888.9893 -247.5698
946.1111 993.5726
-492.1381 -943.706
-579.9088 371.9031
-689.7079 -185.4554
545.4741 -964.313
-156.6005 -435.9226
-698.517 -186.2155
-173.3624 72.7354
102.4447 331.0784
725.0535 -501.3324
-125.5776 -91.9844
-833.1699 939.2404
-281.4665 293.2154
-765.7576 -729.8409
596.2776 959.895
624.5802 806.2134
-931.5066 -726.8028
-996.8013 -598.014
-574.7208 -7.8841
71.9152 557.6248
630.6469 -870.1133
-900.5499 792.0142
29.4168 688.1158
99.6708 -284.122
-692.4851 -728.6579
-919.862 -431.6575
359.1632 726.9734
-208.917 545.0327
-876.013 818.5434
-914.874 -489.5227
541.723 -835.7625
310.4265 347.5951
893.9543 587.5105
-58.8584 -47.2448
971.4395 -463.9249
323.6683 -965.9212
-837.5654 -745.5906
928.9946 375.112
701.525 589.1206
-492.8958 841.4949
359.3323 -891.1513
942.4742 -503.0663
-122.826 802.4539
-708.4414 776.5485
763.2167 55.3209
-771.4967 247.3153
-52.7635 400.7011
783.2479 238.9184
-362.8352 -282.7239
-859.491 -962.1729
-351.5791 -499.058
-894.2078 955.9321
17.9471 -610.6853
37.8895 -172.6861
670.5141 -350.8569
419.6302 547.1246
95.6713 780.6467
-746.7082 475.1553
-233.3611 922.6829
-839.7668 76.6962
439.0377 153.0767
-862.2843 463.4548
-549.5959 482.6587
189.9064 -530.6323
-941.4686 636.3121
756.6731 299.4001
131.7001 -3.9324
531.2939 74.2622
962.5969 998.0165
-43.6567 -445.7346
-842.7679 -416.1347
-542.4375 -667.0689
-480.0425 -687.9877
369.3178 598.0159
-152.1037 -638.1
748.2819 988.4556
-482.6857 -946.8871
41.0278 898.4971
692.7413 197.0725
-117.7917 420.5048
-505.5095 -181.0507
-766.5246 568.8377
-886.9711 -195.1184
-26.0193 -767.5729
-575.5588 217.3262
879.6712 767.8529
775.5146 772.7521
831.7362 -108.3185
-492.5345 -527.7583
-868.1038 497.8875
-926.1937 213.9612
292.1684 -899.3951
-798.1649 -750.7237
-624.0783 -748.7792
-607.0532 671.3356
-763.2606 -251.5441
279.624 -320.678
-319.0867 -1.2871
-781.5217 -725.3544
464.687 395.7201
-666.4973 -507.0249
-453.3703 632.2487
-476.9754 -787.5888
49.9995 405.5944
937.4578 -204.4419
632.462 -852.427
611.3235 788.0181
-980.447 269.3166
678.7287 214.4796
-947.389 436.512
514.1119 -380.14
-845.846 18.8339
467.8704 576.7853
617.6988 -135.157
596.7817 -787.9113
-399.2182 -759.7132
261.8867 691.4492
-873.3849 802.3058
-393.1102 988.7289
364.1588 -510.8585
891.4496 750.4515
273.5048 147.1532
850.7087 -283.7607
-942.4749 71.7407
-994.6518 -638.8927
-952.7306 531.9281
-23.7007 -851.2937
661.0826 -405.771
-30.7422 -920.4563
-641.3094 -421.9407
-297.8301 57.8294
-914.0479 -74.4183
-234.4949 421.8512
284.584 -922.5464
575.3586 -526.7729
-232.2622 385.7657
-843.112 -239.2624
268.4515 -969.8643
743.2257 438.682
179.9259 -475.9044
-774.3404 -948.0129
849.7432 490.3604
962.3449 394.7448
-686.4041 -384.1981
-387.2729 -303.1557
499.051 492.8558
750.3264 -633.0529
50.8427 993.5748
-416.0567 -553.8978
-708.0487 -261.203
-894.0525 867.5844
639.6821 212.0052
-761.8371 -744.2334
-134.4095 365.9368
654.9948 -694.2212
269.2546 -272.54
859.2327 769.4399
657.0588 -152.7191
94.8604 -281.1689
-410.5752 -946.8274
656.1748 -494.956
598.8289 452.733
-111.3208 344.052
364.1642 107.3119
-432.0564 893.7657
-573.5898 556.9315
322.8496 -912.262
197.9708 -841.3664
530.1795 -483.7551
-954.352 982.9916
959.9014 -898.209
-399.3192 831.5612
-418.1663 139.254
-128.9732 -667.9699
248.2311 77.7899
-692.3694 146.5711
432.282 41.6361
459.0673 -71.2984
-992.6731 -221.8126
-794.4383 327.8851
490.4193 -105.9764
-216.9394 475.7685
844.1019 260.9165
220.6122 639.1713
677.7249 733.1284
-734.4418 -936.052
-937.2912 -293.2806
794.4216 330.2078
715.0907 44.5149
-628.2428 800.2454
-632.7002 -97.7832
528.6373 -187.4219
733.4187 -448.532
-711.323 63.7354
373.4981 4.5788
-473.7326 -996.5551
465.1055 -522.2932
888.1016 801.361
-796.2998 763.9227
192.8665 -384.2274
-280.9551 -686.1148
746.4075 930.4234
-158.2458 -281.4185
-574.2231 -198.986
408.7757 -734.3914
32.635 437.8301
-285.5426 -235.9116
875.6167 -589.9725
-8.2245 -613.4205
-839.0304 822.5253
835.2641 151.9756
-42.0213 -864.7218
-197.5109 381.2163
-149.8797 251.3441
176.982 155.0413
85.8026 -351.4588
-341.4984 -528.2418
-509.4718 214.113
-857.8221 -287.5569
146.6905 343.5291
675.1246 912.4455
861.7686 -951.2387
742.2739 759.3518
334.2854 519.1597
268.1097 -128.9093
-717.1429 -542.6107
-431.6439 74.0553
-642.8225 281.9517
609.093 -579.5994
-164.5362 -639.9057
371.9759 -417.875
879.9135 -243.5541
-920.4817 -382.057
-51.7926 490.3596
-251.0234 44.9712
764.628 -280.3106
-330.2737 -3.1531
-598.8333 -490.4533
599.1176 -512.0267
746.7141 519.8418
27.0233 14.8109
-912.7391 -852.3497
-263.0594 -694.7896
-417.2446 859.6875
308.9589 305.8561
-15.3673 -5.9976
814.4767 -163.8893
-51.0478 -908.4005
317.7514 493.9837
62.953 847.3143
498.9644 -576.2092
-97.84 -232.4549
-603.722 -813.9368
-843.1807 -934.1723
226.29 787.7751
-363.5774 395.5469
-71.6669 -542.1038
504.247 -277.9637
-983.0273 -423.5275
-196.6536 334.414
7.5211 -40.6014
906.7585 763.2766
429.0004 674.7362
231.8547 824.0378
-371.8325 -682.1097
-923.0313 -302.892
-259.4914 -855.2833
319.6238 -410.6379
987.7271 578.0171
532.7863 -901.2274
-443.2628 587.0771
-396.9494 903.2194
859.7867 -775.2322
-932.7724 143.0684
-985.9298 457.7918
-201.6662 -528.5209
379.5995 457.4619
-553.3114 682.0566
599.7798 973.3081
483.2863 -326.0885
863.9696 -67.6939
-651.737 -381.8975
100.3005 -52.7795
317.4995 -42.9078
-726.9005 29.4374
665.0553 -629.1956
138.6399 -928.4756
-664.2347 659.212
449.8618 -93.3918
-799.8357 -709.849
145.7574 -904.6024
