400
553.8564 -967.5586
373.3811 81.2102
620.6319 -322.8095
-88.7501 -472.7523
629.6265 465.0015
923.7089 193.308
300.7285 511.2424
587.0279 458.6908
-921.5355 -519.06
617.2102 424.9216
181.1662 -742.4893
327.497 -462.892
-836.9182 304.3104
-519.9715 -386.4909
-846.7162 -576.6974
-886.6883 -720.2842
981.453 492.545
-120.7286 -510.5464
426.0074 60.1875
-793.8834 75.8208
876.9755 -731.1118
449.3731 -312.0917
-632.2094 547.8587
-418.6849 -35.504
-938.9224 176.9931
-830.6918 -947.2201
361.9217 -193.8544
-843.5738 -354.6179
-604.8037 -443.2219
-171.2498 821.1963
-892.599 868.6875
903.9333 -447.1129
-961.2702 -414.8453
605.0422 214.9387
113.6141 -273.1283
680.7517 -716.7395
-866.6085 681.4124
-912.1786 -220.6151
-277.7825 665.0378
571.6165 553.6882
-679.2527 -701.7309
690.9628 676.8734
598.6044 963.854
977.1012 -912.2293
-342.2213 907.3956
849.0312 -800.7024
-682.7985 -70.5709
79.5879 -802.9585
-980.7444 -845.4255
744.2172 269.6907
-500.6985 758.2526
134.1666 389.421
-386.7103 309.0938
-856.2436 -123.6973
67.0103 201.4222
423.3071 234.8199
-544.8911 279.3165
544.7665 3.524
-984.6255 379.8211
-577.7912 255.1165
-743.1092 797.242
301.3176 364.865
-303.7085 822.3118
-550.8395 861.4246
205.4017 669.4947
-47.6623 462.5641
183.247 378.4477
-276.7247 -152.3462
-910.3604 243.3199
278.6248 -387.2003
349.891 -41.2767
-314.8255 -113.5746
-507.0385 -887.7746
19.8875 36.9292
-21.7423 -753.7893
192.9476 -427.3141
171.3359 773.5457
-781.7748 -338.431
-462.6202 -331.8561
-424.1401 376.3949
-404.9017 -897.4298
-414.4234 105.6894
914.8208 -538.0611
139.6306 200.4652
657.4434 893.666
-376.8027 671.4941
-100.9984 -952.4989
140.9596 536.0256
914.1516 -372.0061
922.7787 2.5204
949.752 -350.9305
-671.759 492.1521
309.8305 -190.2834
-61.717 -504.9291
855.9432 895.0936
-53.531 324.3602
399.8502 -669.3939
287.8584 768.612
151.5704 320.1065
982.8115 525.4361
999.6009 -476.4696
837.5533 589.8076
-857.1927 -276.9376
-848.2745 -654.777
134.4227 -718.9124
-222.728 -738.7086
644.8573 874.4496
778.5437 231.5392
-165.244 -938.0861
953.1748 36.3619
583.4001 -179.2184
-773.0454 340.0634
70.5794 -829.8761
562.866 431.3007
-485.1086 -632.2283
757.4143 -104.1958
979.423 723.1023
-93.9897 -578.1118
-33.3289 653.6856
701.0267 -566.6208
85.8495 487.3766
561.0373 838.1733
420.621 59.5891
25.3789 770.2587
514.6336 -239.0702
778.9676 -135.9268
-662.993 15.9114
37.6247 -562.4354
627.9456 -896.4176
-179.8721 -687.2541
601.9934 -982.5833
-92.1609 -722.0702
-424.7018 330.0591
-442.2754 167.1843
-821.3555 609.3766
392.7425 -386.4506
149.4441 -593.515
627.7428 -576.0454
-910.2786 -523.5723
796.2069 768.3677
-901.1618 -706.3595
-562.8979 -10.0918
379.4346 -531.0879
729.8802 258.2579
46.4833 186.5107
-983.4749 -622.2809
422.9368 219.0694
-766.8123 353.5239
-505.0315 -53.6063
-203.9054 -83.7256
966.1081 -179.8054
975.3786 -746.3718
-956.2514 824.3843
913.0453 397.5907
466.931 -647.7397
-955.7338 -598.6049
441.8348 -854.8513
-377.7345 -78.3052
398.8601 485.603
254.4947 350.775
-581.9406 830.7823
-762.5347 672.0929
382.8379 -401.5052
352.4259 -796.5831
925.6071 -429.2609
-828.368 -96.3166
-915.0888 -978.1268
-244.9584 -210.307
-759.4495 568.9528
188.5753 931.7089
190.6491 850.3568
-91.2992 -216.0191
112.6096 -494.6723
785.5301 -850.3774
-736.3666 -668.4405
346.5605 24.2669
595.5381 192.8469
602.4388 -174.1424
679.0398 -631.4965
-370.571 139.2673
-690.6056 848.8484
218.5346 47.6857
21.4122 -827.9039
-236.8105 -47.7445
-544.3338 -847.2317
-467.0674 -594.3536
-727.5766 23.8439
338.8146 126.3445
361.1166 119.3539
-878.3602 851.4815
944.7077 -624.1258
-277.0954 153.944
-440.0157 910.2168
504.9754 -991.3609
418.2174 -986.7434
-190.662 -384.8835
-24.5939 895.5653
49.3104 -274.9303
174.232 -804.427
-307.7923 433.4519
296.126 -743.7074
269.8514 389.2991
868.028 64.0669
111.5542 757.3694
597.7918 -55.5803
346.9613 -676.7037
760.8373 404.5384
225.0289 -389.5833
566.8412 501.9426
123.2478 410.7551
817.9838 375.8892
106.8329 501.1655
910.5402 112.0764
840.5388 811.4429
-686.2662 398.594
526.8193 -317.5675
573.639 484.5693
-745.3779 -740.5685
410.0022 769.1238
132.1365 -634.475
-796.551 -622.1445
185.442 860.0524
-971.8059 880.6434
-404.5866 -691.0752
-134.3705 923.332
-542.8415 -268.0621
992.0097 -143.4366
315.3573 -418.6933
4.7943 676.3
50.4649 -157.6758
519.5859 -172.7157
355.4462 830.504
79.5529 -999.2222
68.7752 -278.9114
-815.7475 636.1832
299.895 26.3765
-669.2322 -150.4127
-800.7515 -72.6029
96.0071 158.7859
-660.408 487.3206
545.8171 -804.7943
554.6121 -666.3788
-71.5703 101.2806
186.3169 123.1985
-249.6265 -941.6112
-88.5192 486.7467
3.2599 -857.0834
33.6968 -644.9477
-426.5411 769.9763
71.0968 740.9326
540.7466 -634.0957
134.2558 793.9776
968.1994 -548.265
708.9526 966.1513
728.7829 805.592
984.1058 588.3557
217.7215 -932.6042
588.9226 -399.5341
-316.8321 580.5224
943.6885 8.5767
-540.3096 -556.267
-553.4352 364.1791
-751.8927 271.2339
307.45 76.4296
-29.1459 315.3497
-710.6011 -546.984
-49.6752 44.4654
638.6397 837.2266
345.9376 671.8055
-194.6923 -411.7485
-309.3912 -652.2554
-781.8828 316.9008
499.1042 -172.5749
583.2332 954.4519
-592.9708 -754.8643
759.3519 736.0972
468.1817 -4.7318
-974.1445 -868.4662
656.3672 -777.7438
-275.6087 452.2425
-364.4208 -432.4595
-888.718 -723.2557
-153.1455 -732.4352
177.5681 -646.469
680.5419 33.9391
-49.4507 -979.4488
444.8454 -878.0175
970.5566 -91.6077
-395.7706 200.3517
291.0011 -988.082
-669.0433 389.8731
-15.8128 860.3467
-819.6267 -327.0974
-846.9451 -157.9392
-682.6954 -241.3838
4.6419 -292.8252
-490.9198 -508.3269
-265.0654 903.6981
-399.3033 41.5952
-244.7615 759.9622
139.9618 575.6068
736.2319 583.6095
-359.5094 -718.073
-444.5784 245.4279
-673.3494 -310.0108
-221.5302 -280.0117
-230.0057 722.1211
31.7948 -404.7368
-710.5477 922.0985
962.2891 -949.6194
-412.1421 626.6211
967.4213 649.6448
-596.7076 -512.476
-939.9045 374.0037
-295.0908 -163.8062
67.5506 505.9872
-733.5831 628.0041
698.706 92.7729
-446.5869 914.0095
-69.1272 144.5501
-114.7427 869.5709
-629.9252 -794.5486
-390.9436 -969.4011
108.7871 196.8478
618.081 -42.0031
387.7527 -127.4001
-897.3434 756.2984
-555.083 -963.7396
-687.7236 175.3461
-772.782 553.9177
-430.469 405.7869
771.0693 -125.9943
995.9593 -81.2941
341.2074 80.8965
-54.6541 -111.5476
-87.9678 781.1416
-135.3692 14.7031
736.0804 -479.4259
-605.5715 -8.5581
-750.3794 -624.0321
-760.3775 693.5697
-216.5472 625.6593
441.2676 -710.5479
839.3698 195.1601
-642.2123 -766.633
725.7136 142.1872
936.2275 -513.653
-895.7646 592.8967
172.3354 -29.435
821.3165 -406.5282
48.9901 603.8356
858.7742 -151.4569
583.5697 820.2951
70.7668 621.3398
288.7885 -852.1092
787.3758 462.0274
863.517 -615.0174
-390.5874 583.2371
-599.1297 236.9375
-96.7113 68.0764
-159.6589 210.221
-14.3351 -381.0951
58.2461 -53.1902
-561.0369 -837.1245
-742.3325 -734.9929
-55.4925 389.5886
-967.4693 86.297
-622.2831 838.7085
939.3178 -396.8009
-562.2916 -871.0901
803.883 661.2822
-827.2034 -361.8328
-132.8456 708.632
499.7017 855.2492
-379.988 790.2184
-878.8896 -892.4692
-981.8076 21.6007
-17.7597 -886.4882
617.4268 -692.0434
669.4929 789.7897
-615.3823 547.0749
-558.5452 -972.4014
-417.2731 63.9227
902.7841 208.654
-833.1466 763.2231
700.9863 253.9467
-468.0868 -167.5678
291.5653 -824.3396
691.3396 -457.2831
217.3968 575.2671
-164.6924 -228.3387
800.9136 -215.3966
470.2793 51.794
-169.8381 972.4329
-466.5886 -170.3448
-811.8226 -789.7268
-162.1172 418.6139
883.5475 -19.5679
864.6208 179.3978
476.4887 558.5802
