150
278.8536 -949.9785
-449.9414 -553.5785
472.9424 353.399
784.3591 -826.1223
-156.1564 -940.4056
-562.7241 10.7106
-946.9281 -602.3247
299.7689 89.883
-559.1188 178.5314
618.8609 -987.0025
611.6385 396.2788
-319.499 -689.041
914.4261 -326.8109
-814.5083 -806.5672
694.9887 207.4521
614.2565 459.4636
72.4562 946.2315
-242.9312 104.0813
658.8093 237.0395
723.4138 154.7043
409.1437 -908.3512
-544.2034 -421.2241
-840.416 -534.4182
-797.9971 -444.0528
271.3689 -270.3356
-259.6381 -580.9859
-466.0444 873.3092
296.0708 218.262
-657.7227 458.2536
-673.195 -241.0891
979.0467 279.9995
113.8995 369.2285
685.7038 551.9998
-541.9039 -935.7995
-369.0939 -464.5182
-578.0343 885.8194
752.7353 -370.6442
310.8773 -208.7362
829.0952 -82.2963
-470.2397 -506.745
122.7363 -474.5168
169.172 795.6458
-201.199 -561.3585
995.0752 19.0526
-818.1812 -905.7672
-780.7017 254.8921
584.1587 -155.6801
-872.9446 -236.7614
992.2428 58.2287
942.1568 721.5594
-977.038 441.4436
363.4207 73.9407
-466.3496 281.9236
-776.8957 -130.4695
-92.5526 907.6319
751.7059 -473.2219
1.1722 -642.6962
825.2557 741.0371
-403.1104 277.899
217.9404 -694.3215
525.0216 78.7581
557.253 60.7073
-998.8562 -351.6879
-961.0465 858.1972
757.4438 663.3311
-384.9717 -884.1497
756.0192 893.8989
-828.6931 -28.0191
-861.575 521.2043
531.6689 -743.2171
-49.4352 99.6072
-469.8867 744.8661
-153.7241 -576.4036
78.5922 459.8621
-597.6979 -376.5674
990.2987 299.7561
-123.7998 35.1517
-757.9916 -550.6053
-323.8289 176.6174
-539.7705 -559.5652
-858.0138 262.2059
-542.1164 810.84
719.2708 -858.2853
-523.9907 337.9556
-571.5264 -735.3763
871.0285 142.0862
-54.6579 569.2388
614.994 -619.1802
-806.1384 -137.8976
-152.8428 -65.9507
458.1517 346.7291
968.3304 -803.1643
-194.7574 -321.3948
723.3451 -502.6873
-619.5822 -102.7729
-156.2367 -442.9097
-500.3871 846.5312
-113.7385 722.6982
100.6506 -898.8233
998.5649 672.0552
937.9925 852.734
697.3915 -667.3778
-28.7177 -572.5054
-197.9194 -882.7292
-242.0538 970.6177
-469.5939 568.1412
-89.9833 -153.985
914.6353 990.8454
111.5366 436.8166
-690.4063 -406.5843
937.4187 158.3606
84.3904 495.9511
-885.6695 168.3552
5.7008 705.4398
-685.1345 921.5578
-839.7771 -628.3501
190.0702 350.4251
-529.5922 -760.2268
780.5746 -507.5693
189.0383 238.763
-161.5502 167.3446
45.5654 869.4125
-591.4816 432.3836
-522.6281 -208.4283
343.3804 -400.0058
-367.6456 503.729
-854.9138 -83.429
996.9089 992.1929
-853.4786 -573.6914
-469.5992 866.5188
761.7283 758.5405
-260.9458 -684.5063
667.4899 407.0799
223.3555 974.4661
307.9526 -984.3538
634.2083 -401.2425
326.7774 877.86
-731.4178 -769.1427
-785.928 106.4473
-455.3036 209.6597
435.2244 -592.8054
268.4759 -472.0322
-22.9363 810.673
692.2074 -815.4031
-152.8485 -446.6396
-992.9086 542.2384
274.2268 -476.0895
482.4618 103.3608
-144.6262 -980.6606
-849.5123 766.2128
