600
-954.5364 417.1315
401.9399 -708.5376
443.0903 -146.1929
-948.4432 953.5253
-539.8925 -326.6462
-811.6323 346.8683
-54.1243 937.7382
842.2378 -455.244
927.9566 -198.3448
-265.4909 679.5754
724.2203 836.4197
12.4975 328.1396
-661.0652 -500.5137
76.6659 27.3189
200.6675 335.3285
-145.0712 827.5863
-422.0076 21.6146
817.9843 561.0572
930.0064 861.7082
-385.6508 -942.7683
-863.0843 260.4834
-254.509 341.9607
314.8338 -138.1896
410.6934 527.7413
455.8435 229.8847
343.4388 651.8168
487.9265 -656.4225
991.7325 410.0222
-175.1667 -179.5153
26.2937 -364.9718
395.5682 -582.1194
655.9303 662.2601
-592.7673 -210.7605
700.2389 -674.6669
364.5496 699.1425
-943.1465 -730.4242
626.5097 334.6458
369.4804 176.2631
-910.9359 -275.0589
220.1852 -495.0986
-700.6275 282.6036
-856.6199 -405.7137
-651.5966 -3.0857
605.3516 330.6781
269.1721 -559.9205
750.1917 690.7424
-923.9962 594.511
-488.0697 -628.9002
630.1383 -573.419
826.683 759.1961
-316.5199 227.7113
-723.1784 873.4891
524.3049 494.8333
738.0958 528.7392
-939.629 550.9882
132.6035 939.2789
78.3372 94.0865
-864.7887 -810.4281
-488.4605 926.1022
-889.9828 -719.7118
54.0481 363.6946
896.7522 671.0789
483.2754 -106.3305
195.4963 782.4586
-581.2327 -554.5364
-309.7238 943.7235
-122.2732 -615.4999
-313.1814 -107.5864
65.576 52.2613
-493.2327 490.5033
-999.9137 966.4267
-92.8929 373.4611
352.142 166.8654
285.1362 338.7277
-697.3238 311.2178
608.4977 50.2725
959.3963 678.5349
-307.5767 -840.7609
479.0879 -869.0912
-342.9278 -639.4589
877.2098 -90.0914
791.5068 -340.5148
167.7019 762.9599
747.6383 -320.1309
455.8539 -5.4383
-631.2744 -874.1978
-831.7077 249.7704
-201.2554 469.9743
-140.3441 4.9401
829.398 -602.9912
-939.2617 -873.6948
-899.3668 -214.2496
190.9438 955.9093
566.4038 210.3929
844.626 -415.7247
-508.5047 -900.5183
-77.2442 81.646
807.6683 -594.376
740.3654 -873.6964
511.4566 -971.4847
941.9351 -383.7216
511.1658 -734.792
-538.6508 591.8601
530.2609 404.9126
-971.4258 -489.0703
146.4594 -563.7569
144.4876 79.6141
-952.4815 -936.0734
416.5885 -398.6654
467.3196 -913.3715
-679.0429 23.1743
-904.1039 774.2684
875.5487 -737.7321
810.8146 205.8062
886.4503 934.1764
46.3687 -107.5562
-874.4901 562.7216
-502.0818 672.501
353.0889 -297.6909
387.8328 339.6068
204.4864 -566.0573
422.9448 -186.3584
832.0888 -693.4955
335.4185 166.162
-995.9097 616.3683
113.9138 169.5945
421.0336 -423.8737
211.9338 678.634
821.1698 542.2621
178.2892 802.4203
276.9583 -409.8469
721.9902 976.543
957.9492 -432.4278
-35.8297 -155.6803
571.6565 -826.5133
-280.7005 -685.1711
597.6463 962.2067
-319.5534 -607.6928
-408.6422 440.6168
-257.8114 -989.7986
510.4697 594.8926
-347.6835 951.2311
-876.6673 742.6998
17.9877 -827.3581
-465.8441 375.7097
-149.4857 -153.6356
892.3833 138.5537
16.5149 978.8397
-442.9026 71.332
436.4583 604.4939
333.73 468.2935
919.3399 -44.0511
957.7302 -929.6538
-138.1287 432.9342
-169.5175 -437.4792
-845.8327 -711.0828
180.1028 -712.5678
642.6225 -732.4062
-178.9964 392.5971
-958.5796 305.5772
615.3423 -182.6532
711.2952 -172.5066
-510.1331 -852.3975
-946.8172 -688.8514
-813.3178 -817.5428
-700.4815 -591.1852
785.9741 -338.801
516.7501 824.9698
-984.2578 -665.5176
201.0975 533.3378
-417.7205 654.0058
951.1699 689.064
-354.3651 -538.5406
-927.3594 -957.8515
-528.2552 305.1117
-645.2676 -209.9388
-580.5051 -927.7149
-781.7343 -714.5646
-358.8387 -550.6397
292.0906 473.977
-745.647 136.6478
-482.1015 -339.7558
-120.8156 -811.7317
-975.2924 -948.0846
-159.5873 590.004
-975.3762 -921.7755
-915.413 -16.9035
614.4281 -72.4971
505.9928 21.5041
757.4445 -188.3295
471.1439 676.3544
-230.766 -79.9042
-837.1212 805.991
-157.2744 -496.7622
-365.9913 -475.3202
-557.2113 -218.6718
-428.8718 -82.3844
930.1553 -45.4902
320.3855 871.9217
752.7413 990.2055
-64.8199 104.9545
856.0693 -10.2619
577.056 -192.6122
-97.822 -594.353
-486.6546 172.989
797.2522 453.3609
18.2579 675.8919
-836.8801 -657.8696
438.0227 482.9692
-399.3563 356.9316
-98.3213 708.9321
-831.7726 -337.3123
-830.9185 -125.7949
-144.3688 -202.7864
-751.7131 933.4832
-244.8898 369.6588
-10.2521 -35.7844
-456.2513 743.9177
336.6083 494.9608
-869.2345 -430.9285
910.8206 -719.3449
-900.7146 -968.0186
-760.6893 188.1733
-158.4887 -297.2095
-689.8584 -312.822
276.7389 -198.4041
572.9953 50.3671
994.8131 603.7582
73.097 746.0381
731.8479 -132.2489
-614.5496 786.3783
-791.925 820.7534
167.7467 -27.6379
186.5261 -982.4845
-988.5101 -142.7308
-99.3092 163.0966
933.0212 -151.4415
115.7409 253.4074
-445.7223 -484.1955
-521.8063 -769.9463
-299.0945 566.4309
-178.6958 -608.29
-290.2113 664.4505
106.3095 897.4688
699.6787 638.7413
-952.725 690.8279
-353.4282 -724.7855
-699.0414 687.2758
-324.8626 -195.3704
728.2439 371.1108
813.342 128.094
-434.6984 222.4225
-562.8181 65.6288
897.7265 118.1211
589.709 -397.8555
873.0018 -388.9469
405.0182 -243.8639
951.6414 -221.1387
486.0118 929.5264
857.9034 719.4981
-722.931 3.6474
-60.207 383.0533
-986.8115 521.9461
164.4935 -514.66
-996.9436 -505.9437
-187.4754 -877.1952
836.3227 394.6161
390.7472 -120.8467
556.8709 966.9053
899.5578 -109.9804
-107.5918 908.0441
38.6631 -628.8591
-725.1265 933.2613
-805.0194 549.5722
140.3001 521.8672
-525.7367 -266.1624
668.529 -695.3142
166.7371 -79.1245
-176.3106 -271.651
-638.2659 255.3968
-813.1944 -536.5182
266.004 720.5505
-546.7226 -393.7843
163.0561 512.2466
-104.3106 -389.4328
-509.3358 -395.1913
547.4423 268.7309
-629.8041 756.9075
685.8367 306.7488
-248.2011 949.2155
799.5675 -91.6003
439.5062 -666.5592
75.026 -520.5402
730.7793 -995.3866
708.9356 360.767
-103.2597 -290.4944
-988.079 146.2577
-527.6483 533.0326
307.4767 371.044
357.0182 95.7493
423.3662 762.9929
-903.484 -130.7537
998.4935 187.379
250.5657 457.7412
751.2206 -775.3138
-845.7087 -924.5429
783.7024 243.3881
-978.1622 -604.5919
845.8918 -388.0326
954.5329 -487.1109
770.191 931.3417
514.0343 -828.3412
226.8176 -606.292
-298.5989 777.7871
-845.4974 315.2753
-817.3636 541.7899
-226.0297 706.3183
-777.0483 -310.0268
971.9007 260.4755
218.9656 -963.8238
703.4686 -264.0751
-717.9205 105.2152
-114.4193 231.5502
-948.958 685.4208
24.3304 669.3063
859.6991 -611.3084
-567.0097 -951.6644
-148.1141 211.3812
694.5798 650.1373
-278.6106 -833.449
-883.852 520.2586
385.9529 742.057
-549.5088 -366.3717
-235.7457 376.0783
-216.2507 185.217
-312.3945 184.8085
218.6717 -648.3278
-353.1418 -98.3766
-758.8826 -125.6305
808.8515 -164.9016
602.3658 -622.9605
-752.7722 904.9609
405.1586 833.4908
-189.1318 -728.3652
135.322 211.367
-987.9304 512.0404
664.3478 -194.0815
-167.4586 -960.9875
681.3093 234.6566
673.1106 -917.9982
-860.2085 312.9887
-399.5468 -505.991
-181.1532 484.0411
760.9935 897.0155
-966.4458 -917.8033
-19.3127 462.2557
545.4504 -363.3576
-200.9597 850.5939
506.8419 -240.9922
-80.852 906.5165
-422.8529 323.5276
414.2896 189.9494
607.835 944.8071
904.4808 -991.0597
828.2108 550.2117
-278.6935 170.576
963.1167 -238.0357
-905.0172 359.028
894.5377 -263.9371
-377.1655 -250.7448
789.6917 664.7244
-506.9141 -803.0676
-939.1974 -544.1787
129.9253 -403.3655
-199.0195 268.3874
-295.5861 -480.3875
821.6581 55.8374
923.6781 -642.0924
979.7446 585.1218
-390.4736 540.7313
-144.0143 -617.6821
69.5506 -905.461
298.0338 -758.435
-663.0236 -863.2489
-396.4437 -882.2224
-440.2388 -272.0243
144.6117 165.1893
893.2022 373.5662
-274.6376 635.7894
-658.0567 335.6833
-805.5406 606.8885
-279.6194 873.5694
-869.4092 816.3975
-734.7284 733.9037
-646.2047 938.2401
-79.7753 -332.6423
376.6221 565.9956
-850.6636 527.5994
-582.0983 566.2303
-845.4199 -466.3545
128.1565 -209.5797
584.0258 383.2007
72.9108 463.9737
696.586 -967.9745
-754.7001 -42.9479
505.6242 162.7978
86.4938 810.9425
-791.9367 827.2938
23.3573 -240.4529
408.1342 529.33
-570.4939 -885.769
506.3831 728.0326
979.4112 771.8865
744.9374 -902.7424
770.6321 -146.5342
-744.0596 -541.6912
-728.8996 850.7869
923.81 -607.132
553.5895 -857.7881
335.3968 718.527
-672.5755 -681.1665
311.3008 -89.7125
-761.8584 -838.3696
313.7336 -209.761
475.4411 910.9968
952.3907 -63.1259
-80.1279 715.8582
-562.0552 625.0376
-171.9959 830.4195
663.6576 644.769
-679.2059 296.0186
-610.4862 136.5543
-682.8802 385.9504
313.5327 -216.5572
51.3554 -116.1011
808.0988 -277.3289
-628.5316 -759.9505
264.5493 718.5449
740.9786 -954.2656
969.5063 -817.7802
293.2086 -555.5493
140.968 -737.9673
-930.1822 514.7257
358.2658 631.7217
-687.3247 -184.3296
593.1866 -88.0211
241.3785 84.0453
-105.8364 634.4975
-504.2529 449.5007
514.4963 375.2682
673.0241 101.3438
-86.5407 -5.9689
52.6793 565.9297
117.115 36.2275
-725.2155 -490.6653
-55.4609 -448.6046
-621.8186 -132.5855
332.4351 -915.0859
96.7737 982.3865
644.5284 760.0236
404.3775 -964.8576
-946.4244 -538.4704
-629.2107 752.8548
307.4681 -873.2905
951.1193 832.2961
-569.5452 -605.0298
397.6479 690.0418
-989.073 -130.1583
780.4166 -648.0955
785.4789 667.3807
-220.4652 -335.6511
921.9395 -824.0677
541.9819 -924.8412
-126.8441 -653.9132
828.5348 -227.2266
98.0224 -629.5486
940.7071 -404.981
-502.9029 856.0699
-28.4231 -641.9762
313.9662 436.4946
-248.1993 584.0429
-382.0265 -765.9985
-830.0077 -875.5351
-93.7937 -682.4073
108.2043 -32.2648
-178.8458 -686.1276
-404.7858 -551.6368
-676.6303 847.6987
210.3186 -938.5871
-755.792 -582.4187
-612.3595 -820.0711
454.8737 9.2373
581.4948 -384.4771
756.8057 971.1626
-519.0428 -812.1325
-469.2442 708.1395
-912.9536 660.0814
-673.9268 510.2949
-639.317 -672.8915
635.7773 -328.7803
-514.7274 317.3398
485.7543 893.5418
-50.8399 386.0056
-213.3363 73.5369
-120.7189 613.4648
-465.6379 -734.5527
584.641 907.4097
-228.8035 926.6855
474.8108 370.2258
93.2479 649.6257
-576.6556 -594.3285
-919.6817 -885.9897
-166.38 215.3047
-601.6443 38.5287
-999.4068 52.8993
268.445 241.7819
-232.555 -31.2847
-689.315 -336.1524
-493.5975 761.4934
525.5242 201.3685
-421.5187 -689.8977
-835.6855 580.7122
305.3422 -505.6658
522.7652 401.3343
-233.5384 -679.7076
881.6756 -203.6353
-467.2526 522.0066
405.9059 388.6583
242.4237 -419.3115
540.0332 -691.1158
751.2205 780.8258
725.3906 21.8732
-226.2072 -942.8031
434.7411 -91.1562
595.7562 428.1928
717.4358 -155.0256
-932.3034 308.6996
537.6543 -5.3691
289.0476 40.3137
-220.2646 218.2606
583.2212 259.5206
343.9861 -881.6741
202.7791 755.8573
358.8825 -534.8767
289.7687 278.2032
531.1867 -934.9789
247.2895 -962.8049
-328.6199 695.971
-375.9467 -44.1333
798.0267 319.6983
-331.7545 -988.131
-910.5013 -133.8651
-38.6915 -612.4891
285.5492 -339.4251
246.5322 -47.0054
-390.5149 -168.4844
-208.6338 739.8272
-47.586 -236.4953
843.3549 291.4183
-273.2005 -762.2257
916.0425 156.0747
389.704 -772.2297
327.4824 915.5853
706.9961 333.1768
206.6871 -169.4391
872.7383 562.867
833.7904 -590.2166
-875.1126 790.8841
-363.1698 -315.3469
661.1799 187.9859
542.1945 -25.5839
876.0121 -810.9283
342.3209 83.6157
761.3104 -668.9874
621.2973 -973.0217
-350.7278 315.0553
-780.2816 -330.7317
-765.5844 840.0471
587.734 -510.8281
-254.5251 -436.9919
-789.983 692.5127
-824.2357 806.4796
-656.469 311.5597
993.647 3.6237
-677.6233 -577.0747
322.999 -148.0321
762.871 -283.5563
-643.1881 -501.5316
-175.4884 -718.9734
533.6028 -549.2317
-372.5291 519.5956
-9.5773 889.0711
90.2197 -439.7602
-458.3254 -402.4311
-25.9921 -520.6881
-527.661 -143.1899
881.776 -175.0696
-827.5101 478.3871
-805.5635 369.5021
-599.5883 399.0359
