250
145.1535 156.1278
-87.3055 290.2583
-56.308 -54.3724
-685.9103 -734.1037
252.5578 -823.3214
351.8235 78.0897
-282.6041 530.7797
-227.2385 -166.0476
599.8393 -41.88
31.8107 -996.4653
258.0818 -396.4336
-649.5135 265.3702
-199.9042 -510.9172
-156.1075 -500.198
-185.2072 482.0181
-956.3283 751.2723
310.3401 279.0349
-694.0144 275.4382
-986.0996 133.0484
-264.7015 842.723
-818.449 -7.5487
144.5394 926.2853
-98.9279 -184.7568
42.4707 578.7299
425.8952 -285.4639
417.8472 -19.8618
440.1967 -26.5029
-681.6512 -628.6361
898.7114 -939.3367
179.0268 544.9605
-210.7328 607.8947
31.8357 899.0743
715.0025 -800.4589
461.1517 -351.9962
401.5805 682.3973
365.1781 669.2342
-159.5239 -246.0263
767.7064 423.4278
164.1433 942.0843
193.8068 702.3981
-505.9165 -305.8796
-18.0401 972.1432
969.9074 89.9156
352.7923 475.2767
75.3502 465.2929
-154.4092 141.5656
725.6686 643.7872
-624.2687 34.6311
142.6016 457.1728
-327.459 234.4471
981.3664 615.5155
-829.5839 -955.3398
-664.4808 -932.6189
-794.7279 443.2399
982.2173 -483.2874
-774.178 849.6779
398.147 196.3457
-367.732 -371.834
592.5676 738.9906
-672.2896 -608.8837
-580.7005 -874.7877
680.0305 -75.2684
216.2233 861.969
-170.0824 436.8194
-767.1858 86.5487
-666.3798 938.9614
433.8124 -505.7575
234.7154 -771.8943
-539.901 157.4137
-963.1624 -394.0933
49.401 -988.1119
647.7552 -708.1681
998.7811 -179.9314
281.8584 -531.2877
-852.8616 -457.777
-526.6008 180.8953
-420.4444 197.2231
-870.7005 -318.8767
-138.1467 801.7501
463.1675 -160.5003
291.884 481.7152
-718.6942 308.4306
-342.0632 0.9179
-848.3182 -108.0562
-652.2408 -78.8059
24.4975 -513.1056
-361.2415 294.0034
623.131 242.3827
-111.2429 700.9798
-739.5816 -178.2041
-994.1404 231.8515
-740.9488 219.1674
482.4588 -529.7388
-346.9371 429.4276
32.5069 -558.1773
757.5991 657.9116
696.0582 548.7328
652.0386 -958.9522
-870.865 180.823
-241.6455 -166.6972
-992.741 -971.6043
-320.8349 -632.7843
-382.3703 335.99
416.5372 -410.0533
447.5639 -477.7907
861.3511 -794.1754
524.9357 586.8743
978.1053 -989.521
400.9318 920.9531
683.88 411.1359
69.3813 -53.7744
121.1027 981.9152
484.444 859.0171
-209.798 -729.7025
458.746 805.6591
-435.3203 431.3568
419.6684 -28.0927
-979.8365 -649.0764
-877.7792 -878.0631
-722.0107 813.6176
266.5222 646.9708
-97.6204 -629.035
960.765 200.6802
52.8755 -38.6138
-425.6388 -597.0508
-297.2174 -642.559
-906.0766 98.7467
473.1179 889.3073
556.9907 -429.8651
163.603 -320.3768
166.3916 -105.2238
-337.8004 324.3488
49.4286 -949.0525
-85.2383 -572.6534
-523.4509 144.5766
-122.0739 183.5922
403.1545 -467.3519
-248.18 364.8464
406.5969 -69.9738
-448.3748 23.8333
360.2387 980.5341
911.203 -728.6738
-267.0102 105.7553
-47.232 229.064
-994.2092 523.5974
900.648 -519.039
978.8325 -243.9952
-95.296 -580.8481
-159.2582 400.0518
788.4122 739.0176
79.8798 -198.8524
254.1386 -475.8514
-235.582 -799.9599
-741.2586 623.6659
634.1608 -425.6417
322.9757 -933.1804
978.8427 756.1414
-328.4337 112.5445
-234.2886 471.07
-218.9325 -546.3942
914.2518 -568.8381
-790.3684 454.857
75.3919 322.6371
357.0543 -977.5991
951.5082 238.5454
-132.8119 -288.7712
910.7719 482.5793
886.0111 -759.4414
-722.1256 221.7062
963.85 955.2569
250.1897 237.1732
889.8311 -907.8486
-753.6061 752.989
43.6014 -130.1257
438.5847 -343.816
-882.6181 67.2453
-163.4524 206.6063
-861.4883 257.2056
717.6149 -344.0683
403.9139 -559.3632
125.8769 -741.404
-962.17 -206.3527
907.1004 9.2998
-286.1413 102.8069
47.1506 -336.3688
964.5856 904.0958
695.3039 741.0714
-753.9052 -35.6474
-238.4028 -719.7381
879.2496 -98.4245
358.6557 157.4196
-103.2844 114.7412
-748.5624 216.9993
-720.8693 -378.2502
-494.9952 855.2403
228.0173 653.2998
-493.0447 692.7732
-723.7732 439.7431
-107.227 242.8412
-936.7625 -815.3987
637.7455 -205.9277
60.3258 987.4873
-320.2734 -365.3437
-277.9952 -277.6647
-574.7799 826.3524
530.3428 -939.7341
391.3955 930.0877
607.5329 810.0292
544.8435 -154.3197
-651.0728 893.4079
-750.5989 342.108
-822.3349 -866.9603
969.6499 483.4605
745.9974 701.6415
-683.149 -972.37
637.4644 -577.7296
233.5141 859.8625
-890.8716 -759.323
-503.5732 -124.2688
674.6819 501.144
563.296 794.7506
-17.1841 -72.5583
-676.0508 -594.5006
291.3554 790.2234
326.2359 -987.6033
53.7344 100.5971
-516.0429 -343.1558
-67.1091 197.6155
934.7574 340.2903
-460.9532 519.0138
-30.9281 630.7202
473.2167 -650.4354
-533.5865 -313.0357
-122.6683 -180.9689
940.4058 -337.3292
-3.6419 -815.3995
185.3049 488.2879
954.9951 197.4633
-234.8412 -252.8993
-690.5458 -781.4574
87.2684 272.5755
593.7348 -534.1627
-924.407 -29.4566
566.1267 596.1962
-208.9875 -795.5595
-847.4945 -835.1051
588.8284 -496.7915
-92.9815 -158.6391
499.3052 680.7772
-146.9903 -127.4573
